<!DOCTYPE HTML>
<html>
  <head>
    <meta charset="UTF-8">
    <title>Tomtom Results</title>
    <script>
      // @JSON_VAR data
      var data = {
        "program": "Tomtom",
        "version": "5.5.7",
        "release": "Wed Jun 19 13:59:04 2024 -0700",
        "cmd": [
          "tomtom", ".tomtom.test",
          "../../../common/JASPAR2024_CORE_non-redundant_pfms_meme.txt"
        ],
        "options": {
          "strands": "both",
          "distance_measure": "ed",
          "threshold_type": "qvalue",
          "threshold_value": 0.5,
          "background_source": "--query--"
        },
        "alphabet": {
          "name": "DNA",
          "like": "dna",
          "ncore": 4,
          "symbols": [
            {
              "symbol": "A",
              "name": "Adenine",
              "colour": "CC0000",
              "complement": "T"
            }, {
              "symbol": "C",
              "name": "Cytosine",
              "colour": "0000CC",
              "complement": "G"
            }, {
              "symbol": "G",
              "name": "Guanine",
              "colour": "FFB300",
              "complement": "C"
            }, {
              "symbol": "T",
              "aliases": "U",
              "name": "Thymine",
              "colour": "008000",
              "complement": "A"
            }, {
              "symbol": "N",
              "aliases": "X.",
              "name": "Any base",
              "equals": "ACGT"
            }, {
              "symbol": "V",
              "name": "Not T",
              "equals": "ACG"
            }, {
              "symbol": "H",
              "name": "Not G",
              "equals": "ACT"
            }, {
              "symbol": "D",
              "name": "Not C",
              "equals": "AGT"
            }, {
              "symbol": "B",
              "name": "Not A",
              "equals": "CGT"
            }, {
              "symbol": "M",
              "name": "Amino",
              "equals": "AC"
            }, {
              "symbol": "R",
              "name": "Purine",
              "equals": "AG"
            }, {
              "symbol": "W",
              "name": "Weak",
              "equals": "AT"
            }, {
              "symbol": "S",
              "name": "Strong",
              "equals": "CG"
            }, {
              "symbol": "Y",
              "name": "Pyrimidine",
              "equals": "CT"
            }, {
              "symbol": "K",
              "name": "Keto",
              "equals": "GT"
            }
          ]
        },
        "background": [0.25, 0.25, 0.25, 0.25],
        "query_dbs": [
          {
            "source": ".tomtom.test",
            "name": ".tomtom.test",
            "loaded": 1,
            "excluded": 0,
            "last_modified": "Tue Apr 29 14:44:44 2025"
          }
        ],
        "target_dbs": [
          {
            "source": "../../../common/JASPAR2024_CORE_non-redundant_pfms_meme.txt",
            "name": "JASPAR2024_CORE_non-redundant_pfms_meme.txt",
            "loaded": 2348,
            "excluded": 0,
            "last_modified": "Wed Apr 23 23:07:12 2025"
          }
        ],
        "queries": [
          {
            "db": 0,
            "id": "{}",
            "len": 6,
            "nsites": 1,
            "url": "BLANK",
            "pwm": [
              [0.931818, 0.0227273, 0.0227273, 0.0227273], 
              [0.0227273, 0.931818, 0.0227273, 0.0227273], 
              [0.0227273, 0.0227273, 0.931818, 0.0227273], 
              [0.0227273, 0.0227273, 0.0227273, 0.931818], 
              [0.0227273, 0.0227273, 0.931818, 0.0227273], 
              [0.0227273, 0.0227273, 0.0227273, 0.931818]
            ]
          }
        ],
        "targets": [
          {
            "db": 0,
            "id": "MA0004.1",
            "alt": "Arnt",
            "len": 6,
            "nsites": 20,
            "url": "http://jaspar.genereg.net/matrix/MA0004.1",
            "pwm": [
              [0.200249, 0.797264, 0.00124378, 0.00124378], 
              [0.946517, 0.00124378, 0.050995, 0.00124378], 
              [0.00124378, 0.996269, 0.00124378, 0.00124378], 
              [0.00124378, 0.00124378, 0.996269, 0.00124378], 
              [0.00124378, 0.00124378, 0.00124378, 0.996269], 
              [0.00124378, 0.00124378, 0.996269, 0.00124378]
            ]
          }, {
            "db": 0,
            "id": "MA0006.2",
            "alt": "Ahr::Arnt",
            "len": 5,
            "nsites": 24,
            "url": "http://jaspar.genereg.net/matrix/MA0006.2",
            "pwm": [
              [0.00103734, 0.00103734, 0.955394, 0.0425315], 
              [0.00103734, 0.955394, 0.00103734, 0.0425315], 
              [0.00103734, 0.00103734, 0.955394, 0.0425315], 
              [0.00103734, 0.00103734, 0.00103734, 0.996888], 
              [0.00103734, 0.00103734, 0.996888, 0.00103734]
            ]
          }, {
            "db": 0,
            "id": "MA0009.2",
            "alt": "TBXT",
            "len": 16,
            "nsites": 7116,
            "url": "http://jaspar.genereg.net/matrix/MA0009.2",
            "pwm": [
              [0.00731041, 0.0219252, 0.00309547, 0.967668], 
              [0.260763, 0.555965, 0.153713, 0.0295591], 
              [0.693434, 0.00999837, 0.257132, 0.039436], 
              [3.51316e-06, 0.999609, 3.51316e-06, 0.000383508], 
              [0.966798, 3.51316e-06, 0.033195, 3.51316e-06], 
              [0.037377, 0.875012, 0.0190332, 0.0685775], 
              [0.248283, 0.481733, 0.18177, 0.0882153], 
              [0.0785784, 0.0763294, 0.0267361, 0.818356], 
              [0.801726, 0.0233172, 0.0946072, 0.0803494], 
              [0.0902642, 0.169688, 0.492715, 0.247333], 
              [0.0785144, 0.0159423, 0.862329, 0.0432139], 
              [3.51316e-06, 0.0272241, 0.00186549, 0.970907], 
              [0.00157449, 3.51316e-06, 0.998418, 3.51316e-06], 
              [0.0566317, 0.26427, 0.0077564, 0.671342], 
              [0.036129, 0.119808, 0.683578, 0.160485], 
              [0.967515, 0.00278747, 0.0257512, 0.00394646]
            ]
          }, {
            "db": 0,
            "id": "MA0058.4",
            "alt": "MAX",
            "len": 6,
            "nsites": 6915,
            "url": "http://jaspar.genereg.net/matrix/MA0058.4",
            "pwm": [
              [0.00564353, 0.994349, 3.61528e-06, 3.61528e-06], 
              [0.982134, 3.61528e-06, 0.0124304, 0.00543154], 
              [3.61528e-06, 0.966807, 0.000987601, 0.0322021], 
              [0.045301, 0.00537354, 0.946706, 0.00261958], 
              [0.00968948, 0.0223223, 0.00281057, 0.965178], 
              [3.61528e-06, 0.00389456, 0.99091, 0.00519154]
            ]
          }, {
            "db": 0,
            "id": "MA0059.2",
            "alt": "MAX::MYC",
            "len": 10,
            "nsites": 21,
            "url": "http://jaspar.genereg.net/matrix/MA0059.2",
            "pwm": [
              [0.712086, 0.0485782, 0.190758, 0.0485782], 
              [0.0959715, 0.427725, 0.427725, 0.0485782], 
              [0.0485782, 0.949052, 0.00118483, 0.00118483], 
              [0.996445, 0.00118483, 0.00118483, 0.00118483], 
              [0.00118483, 0.949052, 0.00118483, 0.0485782], 
              [0.0485782, 0.00118483, 0.949052, 0.00118483], 
              [0.00118483, 0.0485782, 0.00118483, 0.949052], 
              [0.00118483, 0.00118483, 0.996445, 0.00118483], 
              [0.0485782, 0.0485782, 0.854266, 0.0485782], 
              [0.143365, 0.238151, 0.00118483, 0.617299]
            ]
          }, {
            "db": 0,
            "id": "MA0086.3",
            "alt": "sna",
            "len": 9,
            "nsites": 1000,
            "url": "http://jaspar.genereg.net/matrix/MA0086.3",
            "pwm": [
              [0.45398, 0.0570193, 0.386986, 0.102015], 
              [0.834942, 0.0070243, 0.114014, 0.0440206], 
              [0.0050245, 0.983927, 0.0060244, 0.0050245], 
              [0.983927, 0.0040246, 0.0070243, 0.0050245], 
              [0.0870163, 0.0040246, 0.902935, 0.0060244], 
              [0.0050245, 0.0040246, 0.985926, 0.0050245], 
              [0.0050245, 0.0040246, 0.0070243, 0.983927], 
              [0.010014, 0.0050195, 0.974953, 0.010014], 
              [0.0420208, 0.45498, 0.184007, 0.318993]
            ]
          }, {
            "db": 0,
            "id": "MA0093.4",
            "alt": "USF1",
            "len": 10,
            "nsites": 55334,
            "url": "http://jaspar.genereg.net/matrix/MA0093.4",
            "pwm": [
              [0.136878, 0.0547584, 0.778797, 0.0295664], 
              [0.0694153, 0.172462, 0.0706983, 0.687424], 
              [0.00963243, 0.967505, 0.0138434, 0.00901844], 
              [0.969638, 0.0118194, 0.00862044, 0.00992243], 
              [0.00755444, 0.23828, 0.0662523, 0.687912], 
              [0.0624033, 0.0250664, 0.904976, 0.00755444], 
              [0.00809644, 0.00477144, 0.0108614, 0.97627], 
              [0.00728344, 0.0147654, 0.969276, 0.00867544], 
              [0.823851, 0.0550294, 0.0845593, 0.0365604], 
              [0.0333434, 0.749086, 0.0545424, 0.163028]
            ]
          }, {
            "db": 0,
            "id": "MA0096.1",
            "alt": "bZIP910",
            "len": 7,
            "nsites": 35,
            "url": "http://jaspar.genereg.net/matrix/MA0096.1",
            "pwm": [
              [0.428062, 0.428062, 0.143162, 0.000712251], 
              [0.000712251, 0.000712251, 0.000712251, 0.997863], 
              [0.000712251, 0.000712251, 0.997863, 0.000712251], 
              [0.997863, 0.000712251, 0.000712251, 0.000712251], 
              [0.000712251, 0.997863, 0.000712251, 0.000712251], 
              [0.000712251, 0.000712251, 0.997863, 0.000712251], 
              [0.000712251, 0.000712251, 0.000712251, 0.997863]
            ]
          }, {
            "db": 0,
            "id": "MA0097.1",
            "alt": "bZIP911",
            "len": 12,
            "nsites": 33,
            "url": "http://jaspar.genereg.net/matrix/MA0097.1",
            "pwm": [
              [0.0309667, 0.000755287, 0.937311, 0.0309667], 
              [0.514351, 0.000755287, 0.484138, 0.000755287], 
              [0.000755287, 0.000755287, 0.000755287, 0.997734], 
              [0.000755287, 0.000755287, 0.997734, 0.000755287], 
              [0.997734, 0.000755287, 0.000755287, 0.000755287], 
              [0.000755287, 0.997734, 0.000755287, 0.000755287], 
              [0.000755287, 0.000755287, 0.997734, 0.000755287], 
              [0.000755287, 0.000755287, 0.000755287, 0.997734], 
              [0.000755287, 0.0309667, 0.967523, 0.000755287], 
              [0.0309667, 0.000755287, 0.665408, 0.30287], 
              [0.333081, 0.604985, 0.0309667, 0.0309667], 
              [0.0309667, 0.967523, 0.000755287, 0.000755287]
            ]
          }, {
            "db": 0,
            "id": "MA0103.4",
            "alt": "ZEB1",
            "len": 6,
            "nsites": 20129,
            "url": "http://jaspar.genereg.net/matrix/MA0103.4",
            "pwm": [
              [0.00566421, 0.953596, 0.0078502, 0.0328891], 
              [0.988868, 1.24198e-06, 0.0110802, 5.12417e-05], 
              [0.00159123, 0.987526, 0.00482022, 0.00606221], 
              [0.00958919, 0.956675, 0.0322431, 0.00149123], 
              [0.000200241, 0.0248901, 0.0176372, 0.957272], 
              [0.0219101, 0.0088442, 0.962836, 0.00641021]
            ]
          }, {
            "db": 0,
            "id": "MA0104.5",
            "alt": "MYCN",
            "len": 8,
            "nsites": 6984,
            "url": "http://jaspar.genereg.net/matrix/MA0104.5",
            "pwm": [
              [0.0687316, 0.764741, 0.106388, 0.0601397], 
              [0.00487151, 0.992114, 0.00200855, 0.00100557], 
              [0.911933, 0.00802146, 0.040811, 0.039236], 
              [0.00315353, 0.933123, 0.0174713, 0.0462519], 
              [0.0462519, 0.0174713, 0.933123, 0.00315353], 
              [0.039236, 0.040811, 0.00802146, 0.911933], 
              [0.00100557, 0.00200855, 0.992114, 0.00487151], 
              [0.0601397, 0.106388, 0.764741, 0.0687316]
            ]
          }, {
            "db": 0,
            "id": "MA0122.4",
            "alt": "Nkx3-2",
            "len": 10,
            "nsites": 10220,
            "url": "http://jaspar.genereg.net/matrix/MA0122.4",
            "pwm": [
              [0.559097, 0.0931525, 0.143445, 0.204305], 
              [0.547747, 0.108514, 0.112917, 0.230822], 
              [0.254795, 0.496965, 0.147163, 0.101077], 
              [0.00773237, 0.968682, 0.00225242, 0.0213332], 
              [0.969367, 0.00802537, 0.00186143, 0.0207462], 
              [0.0147773, 0.975042, 0.000980437, 0.00920036], 
              [0.0048944, 0.00313342, 0.00284042, 0.989132], 
              [0.00929736, 0.0135053, 0.00665638, 0.970541], 
              [0.947155, 0.0143863, 0.00665638, 0.0318021], 
              [0.549899, 0.0969685, 0.133856, 0.219276]
            ]
          }, {
            "db": 0,
            "id": "MA0124.3",
            "alt": "Nkx3-1",
            "len": 7,
            "nsites": 8367,
            "url": "http://jaspar.genereg.net/matrix/MA0124.3",
            "pwm": [
              [0.117248, 0.637619, 0.212262, 0.0328696], 
              [2.98789e-06, 0.939087, 0.00176297, 0.0591473], 
              [0.976918, 0.00512993, 0.00183397, 0.0161168], 
              [0.0109049, 0.985763, 0.00166597, 0.00166597], 
              [2.98789e-06, 0.000189986, 2.98789e-06, 0.999804], 
              [2.98789e-06, 0.0454484, 2.98789e-06, 0.954546], 
              [0.846281, 0.0433085, 0.0274457, 0.082965]
            ]
          }, {
            "db": 0,
            "id": "MA0128.1",
            "alt": "EmBP-1",
            "len": 8,
            "nsites": 13,
            "url": "http://jaspar.genereg.net/matrix/MA0128.1",
            "pwm": [
              [0.688932, 0.0019084, 0.0019084, 0.307252], 
              [0.0782442, 0.53626, 0.307252, 0.0782442], 
              [0.994275, 0.0019084, 0.0019084, 0.0019084], 
              [0.0019084, 0.917939, 0.0019084, 0.0782442], 
              [0.0019084, 0.0019084, 0.994275, 0.0019084], 
              [0.0019084, 0.0019084, 0.0019084, 0.994275], 
              [0.0019084, 0.0782442, 0.917939, 0.0019084], 
              [0.0019084, 0.0782442, 0.917939, 0.0019084]
            ]
          }, {
            "db": 0,
            "id": "MA0129.1",
            "alt": "TGA1A",
            "len": 7,
            "nsites": 15,
            "url": "http://jaspar.genereg.net/matrix/MA0129.1",
            "pwm": [
              [0.266557, 0.266557, 0.00165563, 0.465232], 
              [0.862583, 0.00165563, 0.0678811, 0.0678811], 
              [0.00165563, 0.928808, 0.00165563, 0.0678811], 
              [0.134106, 0.00165563, 0.862583, 0.00165563], 
              [0.0678811, 0.00165563, 0.00165563, 0.928808], 
              [0.00165563, 0.995033, 0.00165563, 0.00165563], 
              [0.862583, 0.00165563, 0.0678811, 0.0678811]
            ]
          }, {
            "db": 0,
            "id": "MA0147.4",
            "alt": "MYC",
            "len": 8,
            "nsites": 4942,
            "url": "http://jaspar.genereg.net/matrix/MA0147.4",
            "pwm": [
              [0.0886313, 0.757983, 0.0955111, 0.0578749], 
              [0.00890788, 0.979346, 0.00627793, 0.00546795], 
              [0.930783, 0.0119428, 0.0344034, 0.0228696], 
              [0.0109318, 0.915608, 0.0141688, 0.0592919], 
              [0.0342014, 0.0317734, 0.926332, 0.0076939], 
              [0.0119428, 0.0327844, 0.0127528, 0.942519], 
              [0.00465896, 0.0113358, 0.974692, 0.00931287], 
              [0.0847863, 0.566769, 0.242412, 0.106033]
            ]
          }, {
            "db": 0,
            "id": "MA0249.3",
            "alt": "twi",
            "len": 7,
            "nsites": 2896,
            "url": "http://jaspar.genereg.net/matrix/MA0249.3",
            "pwm": [
              [0.891898, 0.0573267, 0.0238338, 0.0269417], 
              [0.00518845, 0.968207, 0.00829535, 0.018309], 
              [0.982019, 0.00898632, 0.0038065, 0.00518845], 
              [0.00553344, 0.699224, 0.0531838, 0.242058], 
              [0.940238, 0.01969, 0.0286676, 0.0114032], 
              [0.0107123, 0.0238338, 0.0158921, 0.949562], 
              [0.047314, 0.018654, 0.922284, 0.0117482]
            ]
          }, {
            "db": 0,
            "id": "MA0259.2",
            "alt": "ARNT::HIF1A",
            "len": 5,
            "nsites": 104,
            "url": "http://jaspar.genereg.net/matrix/MA0259.2",
            "pwm": [
              [0.74952, 0.0194527, 0.221182, 0.00984592], 
              [0.000240154, 0.989674, 0.000240154, 0.00984592], 
              [0.000240154, 0.000240154, 0.99928, 0.000240154], 
              [0.000240154, 0.000240154, 0.000240154, 0.99928], 
              [0.000240154, 0.000240154, 0.99928, 0.000240154]
            ]
          }, {
            "db": 0,
            "id": "MA0281.3",
            "alt": "CBF1",
            "len": 10,
            "nsites": 256,
            "url": "http://jaspar.genereg.net/matrix/MA0281.3",
            "pwm": [
              [0.535045, 0.0547643, 0.285142, 0.125049], 
              [0.0469543, 0.0781921, 0.214858, 0.659996], 
              [0.00400209, 0.991898, 0.00400209, 9.76181e-05], 
              [0.987993, 9.76181e-05, 0.00790657, 0.00400209], 
              [0.00400209, 0.948946, 0.00790657, 0.0391444], 
              [0.0274309, 9.76181e-05, 0.972374, 9.76181e-05], 
              [9.76181e-05, 9.76181e-05, 9.76181e-05, 0.999707], 
              [9.76181e-05, 0.00400209, 0.995803, 9.76181e-05], 
              [0.839614, 0.093811, 0.0430498, 0.0235265], 
              [0.0664777, 0.570187, 0.0352399, 0.328094]
            ]
          }, {
            "db": 0,
            "id": "MA0286.2",
            "alt": "CST6",
            "len": 6,
            "nsites": 99,
            "url": "http://jaspar.genereg.net/matrix/MA0286.2",
            "pwm": [
              [0.0103431, 0.0103431, 0.0103431, 0.968971], 
              [0.0102422, 0.0102422, 0.909334, 0.0701816], 
              [0.999243, 0.00025227, 0.00025227, 0.00025227], 
              [0.00025227, 0.999243, 0.00025227, 0.00025227], 
              [0.0502018, 0.00025227, 0.949294, 0.00025227], 
              [0.00025227, 0.00025227, 0.00025227, 0.999243]
            ]
          }, {
            "db": 0,
            "id": "MA0288.1",
            "alt": "CUP9",
            "len": 9,
            "nsites": 99,
            "url": "http://jaspar.genereg.net/matrix/MA0288.1",
            "pwm": [
              [0.0708879, 0.10116, 0.0305247, 0.797427], 
              [0.00025227, 0.00025227, 0.999243, 0.00025227], 
              [0.839405, 0.00025227, 0.0901615, 0.0701816], 
              [0.0102422, 0.989253, 0.00025227, 0.00025227], 
              [0.909334, 0.00025227, 0.0901615, 0.00025227], 
              [0.00025227, 0.639606, 0.0901615, 0.26998], 
              [0.749495, 0.150101, 0.00025227, 0.100151], 
              [0.399849, 0.00025227, 0.00025227, 0.599647], 
              [0.389859, 0.130121, 0.030222, 0.449798]
            ]
          }, {
            "db": 0,
            "id": "MA0310.2",
            "alt": "HAC1",
            "len": 7,
            "nsites": 101,
            "url": "http://jaspar.genereg.net/matrix/MA0310.2",
            "pwm": [
              [0.237636, 0.0595945, 0.554154, 0.148615], 
              [0.679575, 0.319931, 0.00024728, 0.00024728], 
              [0.00024728, 0.999258, 0.00024728, 0.00024728], 
              [0.999258, 0.00024728, 0.00024728, 0.00024728], 
              [0.00024728, 0.999258, 0.00024728, 0.00024728], 
              [0.00024728, 0.00024728, 0.999258, 0.00024728], 
              [0.00024728, 0.00024728, 0.00024728, 0.999258]
            ]
          }, {
            "db": 0,
            "id": "MA0318.1",
            "alt": "HMRA2",
            "len": 8,
            "nsites": 100,
            "url": "http://jaspar.genereg.net/matrix/MA0318.1",
            "pwm": [
              [0.0601898, 0.66958, 0.0601898, 0.21004], 
              [0.53971, 0.00024975, 0.45979, 0.00024975], 
              [0.0402098, 0.00024975, 0.00024975, 0.959291], 
              [0.00024975, 0.00024975, 0.999251, 0.00024975], 
              [0.00024975, 0.00024975, 0.00024975, 0.999251], 
              [0.929321, 0.00024975, 0.00024975, 0.0701798], 
              [0.870666, 0.020032, 0.020032, 0.0892697], 
              [0.39985, 0.0801698, 0.0801698, 0.43981]
            ]
          }, {
            "db": 0,
            "id": "MA0321.1",
            "alt": "INO2",
            "len": 9,
            "nsites": 249,
            "url": "http://jaspar.genereg.net/matrix/MA0321.1",
            "pwm": [
              [0.0723603, 0.11652, 0.794962, 0.0161579], 
              [0.000100361, 0.999699, 0.000100361, 0.000100361], 
              [0.933461, 0.0422524, 0.000100361, 0.0241867], 
              [0.000100361, 0.1429, 0.000100361, 0.856899], 
              [0.0265048, 0.000100361, 0.973295, 0.000100361], 
              [0.048274, 0.000100361, 0.0663388, 0.885287], 
              [0.000100361, 0.123687, 0.876113, 0.000100361], 
              [0.783119, 0.0889537, 0.127827, 0.000100361], 
              [0.811895, 0.0122165, 0.0303912, 0.145497]
            ]
          }, {
            "db": 0,
            "id": "MA0322.1",
            "alt": "INO4",
            "len": 9,
            "nsites": 242,
            "url": "http://jaspar.genereg.net/matrix/MA0322.1",
            "pwm": [
              [0.119889, 0.190108, 0.669248, 0.0207557], 
              [0.000103263, 0.925211, 0.000103263, 0.0745825], 
              [0.816334, 0.082909, 0.000103263, 0.100654], 
              [0.000103263, 0.000103263, 0.000103263, 0.99969], 
              [0.0376817, 0.000103263, 0.962112, 0.000103263], 
              [0.000103263, 0.000103263, 0.000103263, 0.99969], 
              [0.065967, 0.000103263, 0.933826, 0.000103263], 
              [0.829306, 0.0398598, 0.130731, 0.000103263], 
              [0.811197, 0.0400867, 0.148613, 0.000103263]
            ]
          }, {
            "db": 0,
            "id": "MA0328.2",
            "alt": "MATALPHA2",
            "len": 8,
            "nsites": 999,
            "url": "http://jaspar.genereg.net/matrix/MA0328.2",
            "pwm": [
              [2.50225e-05, 0.815759, 2.50225e-05, 0.184191], 
              [0.454979, 2.50225e-05, 0.534971, 0.010024], 
              [2.50225e-05, 0.0620188, 2.50225e-05, 0.937931], 
              [0.0260484, 2.50225e-05, 0.973902, 2.50225e-05], 
              [2.50225e-05, 2.50225e-05, 2.50225e-05, 0.999925], 
              [0.910845, 2.50225e-05, 0.00903312, 0.080097], 
              [0.639601, 0.0720898, 0.0410619, 0.247247], 
              [0.39438, 0.0280502, 2.50225e-05, 0.577545]
            ]
          }, {
            "db": 0,
            "id": "MA0329.2",
            "alt": "MBP1",
            "len": 5,
            "nsites": 100,
            "url": "http://jaspar.genereg.net/matrix/MA0329.2",
            "pwm": [
              [0.5497, 0.10015, 0.18007, 0.17008], 
              [0.00024975, 0.999251, 0.00024975, 0.00024975], 
              [0.1501, 0.00024975, 0.849401, 0.00024975], 
              [0.00024975, 0.879371, 0.00024975, 0.12013], 
              [0.00024975, 0.0202298, 0.979271, 0.00024975]
            ]
          }, {
            "db": 0,
            "id": "MA0330.1",
            "alt": "MBP1::SWI6",
            "len": 7,
            "nsites": 22439,
            "url": "http://jaspar.genereg.net/matrix/MA0330.1",
            "pwm": [
              [0.675295, 1.11413e-06, 0.01805, 0.306654], 
              [0.0036771, 0.983767, 0.00452909, 0.00802608], 
              [0.00202511, 0.00818708, 0.988752, 0.00103511], 
              [0.00138711, 0.853141, 0.00840808, 0.137064], 
              [0.0026531, 0.00818308, 0.988219, 0.00094511], 
              [0.032121, 0.0659658, 0.0666288, 0.835284], 
              [0.015343, 0.382791, 0.0370739, 0.564792]
            ]
          }, {
            "db": 0,
            "id": "MA0357.1",
            "alt": "PHO4",
            "len": 8,
            "nsites": 998,
            "url": "http://jaspar.genereg.net/matrix/MA0357.1",
            "pwm": [
              [0.0942036, 0.393774, 0.50799, 0.00403265], 
              [0.0972093, 0.901739, 2.50476e-05, 0.00102695], 
              [0.968866, 0.00102695, 0.0280782, 0.00202885], 
              [2.50476e-05, 0.913674, 0.00102795, 0.0852725], 
              [0.0852725, 0.00102795, 0.913674, 2.50476e-05], 
              [0.00202885, 0.0280782, 0.00102695, 0.968866], 
              [0.00102695, 2.50476e-05, 0.901739, 0.0972093], 
              [0.00403265, 0.50799, 0.393774, 0.0942036]
            ]
          }, {
            "db": 0,
            "id": "MA0376.2",
            "alt": "RTG3",
            "len": 8,
            "nsites": 998,
            "url": "http://jaspar.genereg.net/matrix/MA0376.2",
            "pwm": [
              [0.0340896, 0.0270763, 0.663286, 0.275548], 
              [0.0190611, 0.954839, 0.0190611, 0.00703834], 
              [0.906748, 0.00503455, 0.0811789, 0.00703834], 
              [0.00503455, 0.950832, 0.0160554, 0.0280782], 
              [0.0280782, 0.0160554, 0.950832, 0.00503455], 
              [0.00703834, 0.0811789, 0.00503455, 0.906748], 
              [0.00703834, 0.0190611, 0.954839, 0.0190611], 
              [0.275548, 0.663286, 0.0270763, 0.0340896]
            ]
          }, {
            "db": 0,
            "id": "MA0382.3",
            "alt": "SKO1",
            "len": 10,
            "nsites": 267,
            "url": "http://jaspar.genereg.net/matrix/MA0382.3",
            "pwm": [
              [0.913609, 0.0225572, 0.0450208, 0.0188136], 
              [0.0113254, 0.0113254, 9.35979e-05, 0.977256], 
              [0.0113254, 9.35979e-05, 0.782573, 0.206009], 
              [0.988487, 0.0038372, 0.00758179, 9.35979e-05], 
              [9.35979e-05, 0.958536, 9.35979e-05, 0.0412772], 
              [0.00758179, 9.35979e-05, 0.984744, 0.00758179], 
              [0.033789, 0.0300454, 0.00758179, 0.928585], 
              [0.696462, 0.250936, 0.0188136, 0.033789], 
              [0.696462, 0.0300454, 0.0899479, 0.183546], 
              [0.176058, 0.0749716, 0.149851, 0.59912]
            ]
          }, {
            "db": 0,
            "id": "MA0409.1",
            "alt": "TYE7",
            "len": 7,
            "nsites": 102,
            "url": "http://jaspar.genereg.net/matrix/MA0409.1",
            "pwm": [
              [0.0296281, 0.911117, 0.0296281, 0.0296281], 
              [0.999265, 0.000244858, 0.000244858, 0.000244858], 
              [0.000244858, 0.999265, 0.000244858, 0.000244858], 
              [0.000244858, 0.100147, 0.899363, 0.000244858], 
              [0.000244858, 0.000244858, 0.000244858, 0.999265], 
              [0.000244858, 0.000244858, 0.999265, 0.000244858], 
              [0.764202, 0.078599, 0.078599, 0.078599]
            ]
          }, {
            "db": 0,
            "id": "MA0416.2",
            "alt": "YAP3",
            "len": 7,
            "nsites": 100,
            "url": "http://jaspar.genereg.net/matrix/MA0416.2",
            "pwm": [
              [0.6496, 0.19006, 0.12013, 0.0402098], 
              [0.00024975, 0.00024975, 0.00024975, 0.999251], 
              [0.00024975, 0.00024975, 0.00024975, 0.999251], 
              [0.999251, 0.00024975, 0.00024975, 0.00024975], 
              [0.00024975, 0.999251, 0.00024975, 0.00024975], 
              [0.00024975, 0.00024975, 0.999251, 0.00024975], 
              [0.0202298, 0.0202298, 0.0202298, 0.939311]
            ]
          }, {
            "db": 0,
            "id": "MA0449.1",
            "alt": "h",
            "len": 10,
            "nsites": 34,
            "url": "http://jaspar.genereg.net/matrix/MA0449.1",
            "pwm": [
              [0.0300589, 0.0593846, 0.880499, 0.0300589], 
              [0.0887094, 0.206011, 0.499267, 0.206011], 
              [0.0300589, 0.909824, 0.0300589, 0.0300589], 
              [0.645895, 0.0300589, 0.293989, 0.0300589], 
              [0.0300589, 0.880499, 0.0300589, 0.0593846], 
              [0.0593846, 0.0300589, 0.880499, 0.0300589], 
              [0.0300589, 0.293989, 0.0300589, 0.645895], 
              [0.0300589, 0.0300589, 0.909824, 0.0300589], 
              [0.206011, 0.499267, 0.206011, 0.0887094], 
              [0.0300589, 0.880499, 0.0593846, 0.0300589]
            ]
          }, {
            "db": 0,
            "id": "MA0464.3",
            "alt": "BHLHE40",
            "len": 8,
            "nsites": 13094,
            "url": "http://jaspar.genereg.net/matrix/MA0464.3",
            "pwm": [
              [0.106233, 0.0367356, 0.381853, 0.475177], 
              [0.00522587, 0.993531, 1.90926e-06, 0.0012409], 
              [0.975226, 0.0112988, 0.00677986, 0.00669386], 
              [0.00204089, 0.99494, 0.000178908, 0.00283889], 
              [0.00583286, 0.00265289, 0.991512, 1.90926e-06], 
              [0.0142458, 0.0211547, 0.00742285, 0.957177], 
              [0.000355907, 0.0010629, 0.992213, 0.00636786], 
              [0.500125, 0.446796, 0.0108868, 0.0421926]
            ]
          }, {
            "db": 0,
            "id": "MA0499.3",
            "alt": "MYOD1",
            "len": 9,
            "nsites": 34300,
            "url": "http://jaspar.genereg.net/matrix/MA0499.3",
            "pwm": [
              [0.132624, 0.163907, 0.638016, 0.0654525], 
              [0.0101757, 0.97166, 0.0103217, 0.00784371], 
              [0.941135, 0.0169977, 0.0247527, 0.0171147], 
              [0.0134997, 0.736879, 0.213878, 0.0357436], 
              [0.0155697, 0.947636, 0.0271726, 0.0096217], 
              [0.00702671, 0.0164147, 0.0106717, 0.965887], 
              [0.00606471, 0.0112547, 0.975741, 0.00693971], 
              [0.0117207, 0.0744905, 0.0495346, 0.864255], 
              [0.0527116, 0.555451, 0.129446, 0.262391]
            ]
          }, {
            "db": 0,
            "id": "MA0522.4",
            "alt": "TCF3",
            "len": 7,
            "nsites": 31261,
            "url": "http://jaspar.genereg.net/matrix/MA0522.4",
            "pwm": [
              [0.0150038, 0.939795, 0.0226487, 0.0225527], 
              [0.924984, 0.0126688, 0.0503506, 0.0119968], 
              [0.00988577, 0.916156, 0.0435697, 0.0303897], 
              [0.0360517, 0.87006, 0.0848345, 0.00905377], 
              [0.0121568, 0.0640736, 0.0428337, 0.880936], 
              [0.0348367, 0.0332047, 0.916219, 0.0157387], 
              [0.00943777, 0.919418, 0.0315737, 0.0395707]
            ]
          }, {
            "db": 0,
            "id": "MA0525.2",
            "alt": "TP63",
            "len": 18,
            "nsites": 2724,
            "url": "http://jaspar.genereg.net/matrix/MA0525.2",
            "pwm": [
              [0.58222, 0.00955383, 0.366002, 0.0422246], 
              [0.916102, 0.000414162, 0.0749654, 0.00851786], 
              [9.17734e-06, 0.999972, 9.17734e-06, 9.17734e-06], 
              [0.96558, 9.17734e-06, 0.032682, 0.00172911], 
              [0.224822, 0.0107298, 9.17734e-06, 0.764438], 
              [9.17734e-06, 9.17734e-06, 0.999972, 9.17734e-06], 
              [0.00449001, 0.0272172, 9.17734e-06, 0.968284], 
              [0.031208, 0.329685, 0.00837187, 0.630735], 
              [0.202183, 0.148914, 0.644846, 0.00405903], 
              [0.0341749, 0.207751, 0.505177, 0.252898], 
              [0.312951, 0.000324166, 0.671904, 0.0148206], 
              [0.959274, 9.17734e-06, 0.0210154, 0.0197025], 
              [9.17734e-06, 0.999972, 9.17734e-06, 9.17734e-06], 
              [0.917637, 9.17734e-06, 0.000436162, 0.0819172], 
              [0.0212974, 0.175138, 0.00228009, 0.801286], 
              [9.17734e-06, 9.17734e-06, 0.999972, 9.17734e-06], 
              [0.0145146, 0.059806, 0.000305166, 0.925375], 
              [0.194508, 0.582396, 0.0549462, 0.16815]
            ]
          }, {
            "db": 0,
            "id": "MA0526.5",
            "alt": "USF2",
            "len": 10,
            "nsites": 19360,
            "url": "http://jaspar.genereg.net/matrix/MA0526.5",
            "pwm": [
              [0.36379, 0.0301151, 0.603717, 0.00237728], 
              [0.0232682, 0.131742, 0.00827425, 0.836717], 
              [1.29132e-06, 0.999302, 0.00032129, 0.000374289], 
              [0.999196, 0.00032129, 0.00021429, 0.00026829], 
              [1.29132e-06, 0.99744, 0.000480289, 0.00207828], 
              [0.00218528, 1.29132e-06, 0.997812, 1.29132e-06], 
              [0.000534289, 0.00021429, 0.000641288, 0.99861], 
              [0.000801287, 0.000481289, 0.998716, 1.29132e-06], 
              [0.836649, 0.00838025, 0.13221, 0.0227602], 
              [0.00170728, 0.604714, 0.0296831, 0.363894]
            ]
          }, {
            "db": 0,
            "id": "MA0549.2",
            "alt": "BZR2",
            "len": 10,
            "nsites": 99,
            "url": "http://jaspar.genereg.net/matrix/MA0549.2",
            "pwm": [
              [0.413975, 0.0809787, 0.504794, 0.00025227], 
              [0.00025227, 0.999243, 0.00025227, 0.00025227], 
              [0.898335, 0.00025227, 0.0406155, 0.0607971], 
              [0.00025227, 0.999243, 0.00025227, 0.00025227], 
              [0.00025227, 0.00025227, 0.999243, 0.00025227], 
              [0.00025227, 0.00025227, 0.00025227, 0.999243], 
              [0.0305247, 0.00025227, 0.968971, 0.00025227], 
              [0.161705, 0.0507063, 0.363521, 0.424066], 
              [0.171796, 0.333249, 0.464429, 0.0305247], 
              [0.363521, 0.292886, 0.333249, 0.0103431]
            ]
          }, {
            "db": 0,
            "id": "MA0550.3",
            "alt": "BZR1",
            "len": 10,
            "nsites": 588,
            "url": "http://jaspar.genereg.net/matrix/MA0550.3",
            "pwm": [
              [0.00684435, 0.882545, 0.00684435, 0.103766], 
              [0.59688, 0.0578557, 0.345222, 4.25098e-05], 
              [4.25098e-05, 0.977767, 4.25098e-05, 0.0221478], 
              [0.974367, 0.00174322, 0.00684435, 0.0170466], 
              [4.25098e-05, 0.999872, 4.25098e-05, 4.25098e-05], 
              [4.25098e-05, 4.25098e-05, 0.999872, 4.25098e-05], 
              [0.00854406, 4.25098e-05, 4.25098e-05, 0.991371], 
              [4.25098e-05, 4.25098e-05, 0.999872, 4.25098e-05], 
              [0.0187463, 0.47105, 0.0663582, 0.443845], 
              [0.362226, 0.0799609, 0.476152, 0.0816616]
            ]
          }, {
            "db": 0,
            "id": "MA0551.2",
            "alt": "HY5",
            "len": 12,
            "nsites": 320,
            "url": "http://jaspar.genereg.net/matrix/MA0551.2",
            "pwm": [
              [0.162527, 0.171899, 0.0937988, 0.571774], 
              [0.0281943, 0.0250703, 0.871681, 0.0750547], 
              [0.468682, 0.515542, 0.00320212, 0.0125742], 
              [7.81006e-05, 0.990394, 0.00320212, 0.00632615], 
              [0.968525, 0.00320212, 0.0281943, 7.81006e-05], 
              [0.00945017, 0.971649, 0.0156982, 0.00320212], 
              [0.00320212, 0.0156982, 0.971649, 0.00945017], 
              [7.81006e-05, 0.0281943, 0.00320212, 0.968525], 
              [0.00632615, 0.00320212, 0.990394, 7.81006e-05], 
              [0.0125742, 0.00320212, 0.515542, 0.468682], 
              [0.0750547, 0.871681, 0.0250703, 0.0281943], 
              [0.571774, 0.0937988, 0.171899, 0.162527]
            ]
          }, {
            "db": 0,
            "id": "MA0552.2",
            "alt": "PIF1",
            "len": 6,
            "nsites": 114,
            "url": "http://jaspar.genereg.net/matrix/MA0552.2",
            "pwm": [
              [0.000219106, 0.902936, 0.0966255, 0.000219106], 
              [0.999343, 0.000219106, 0.000219106, 0.000219106], 
              [0.000219106, 0.990578, 0.00898342, 0.000219106], 
              [0.000219106, 0.000219106, 0.999343, 0.000219106], 
              [0.000219106, 0.0177477, 0.000219106, 0.981814], 
              [0.000219106, 0.000219106, 0.999343, 0.000219106]
            ]
          }, {
            "db": 0,
            "id": "MA0557.2",
            "alt": "FHY3",
            "len": 8,
            "nsites": 235,
            "url": "http://jaspar.genereg.net/matrix/MA0557.2",
            "pwm": [
              [0.038388, 0.893343, 0.038388, 0.0298807], 
              [0.961399, 0.0128669, 0.00861372, 0.0171201], 
              [0.00861372, 0.978413, 0.00435953, 0.00861372], 
              [0.0128669, 0.0681624, 0.906104, 0.0128669], 
              [0.000106338, 0.935878, 0.000106338, 0.0639092], 
              [0.0171201, 0.000106338, 0.969907, 0.0128669], 
              [0.0766698, 0.884836, 0.0256275, 0.0128669], 
              [0.0681624, 0.170247, 0.0724156, 0.689175]
            ]
          }, {
            "db": 0,
            "id": "MA0560.2",
            "alt": "PIF3",
            "len": 7,
            "nsites": 527,
            "url": "http://jaspar.genereg.net/matrix/MA0560.2",
            "pwm": [
              [0.0360936, 0.75702, 0.178382, 0.028505], 
              [4.74293e-05, 0.999858, 4.74293e-05, 4.74293e-05], 
              [0.999858, 4.74293e-05, 4.74293e-05, 4.74293e-05], 
              [4.74293e-05, 0.775991, 4.74293e-05, 0.223914], 
              [4.74293e-05, 4.74293e-05, 0.999858, 4.74293e-05], 
              [4.74293e-05, 4.74293e-05, 4.74293e-05, 0.999858], 
              [4.74293e-05, 4.74293e-05, 0.999858, 4.74293e-05]
            ]
          }, {
            "db": 0,
            "id": "MA0561.1",
            "alt": "PIF4",
            "len": 8,
            "nsites": 335,
            "url": "http://jaspar.genereg.net/matrix/MA0561.1",
            "pwm": [
              [7.46046e-05, 0.999776, 7.46046e-05, 7.46046e-05], 
              [0.999776, 7.46046e-05, 7.46046e-05, 7.46046e-05], 
              [7.46046e-05, 0.999776, 7.46046e-05, 7.46046e-05], 
              [0.1463, 7.46046e-05, 0.853551, 7.46046e-05], 
              [7.46046e-05, 7.46046e-05, 7.46046e-05, 0.999776], 
              [7.46046e-05, 7.46046e-05, 0.999776, 7.46046e-05], 
              [7.46046e-05, 0.295508, 0.546181, 0.158236], 
              [0.191063, 0.614816, 0.194047, 7.46046e-05]
            ]
          }, {
            "db": 0,
            "id": "MA0562.1",
            "alt": "PIF5",
            "len": 8,
            "nsites": 286,
            "url": "http://jaspar.genereg.net/matrix/MA0562.1",
            "pwm": [
              [8.7382e-05, 0.272719, 8.7382e-05, 0.727106], 
              [8.7382e-05, 0.999738, 8.7382e-05, 8.7382e-05], 
              [0.999738, 8.7382e-05, 8.7382e-05, 8.7382e-05], 
              [8.7382e-05, 0.999738, 8.7382e-05, 8.7382e-05], 
              [0.318158, 8.7382e-05, 0.681667, 8.7382e-05], 
              [8.7382e-05, 8.7382e-05, 8.7382e-05, 0.999738], 
              [8.7382e-05, 8.7382e-05, 0.999738, 8.7382e-05], 
              [8.7382e-05, 0.332139, 0.562828, 0.104946]
            ]
          }, {
            "db": 0,
            "id": "MA0566.1",
            "alt": "MYC2",
            "len": 8,
            "nsites": 100,
            "url": "http://jaspar.genereg.net/matrix/MA0566.1",
            "pwm": [
              [0.25, 0.10015, 0.59965, 0.0501998], 
              [0.0901598, 0.909341, 0.00024975, 0.00024975], 
              [0.969281, 0.00024975, 0.0202298, 0.0102398], 
              [0.00024975, 0.849401, 0.00024975, 0.1501], 
              [0.1501, 0.00024975, 0.849401, 0.00024975], 
